672592203942807287
27617593
1469287141521628302
1311871792058604645
730413776194096220
1022071199070824208
913084034997213618
42040464
1130453165693617444
1393833547134729912
1202121486986546190
603540255642744595
1395046716583266283
44169525
50136884
1349373977784992358
52025332
1303249498728797831
51126372
1459131608007776889
7128675
21769050
1259591571734614717
1077976255201391180
1366310559734348351
892289667476044399
666038844337751042
926049453007604783
34577812
615304261270123966
905284449411484966
1422012563179862836
1193343099738717652
1102348266656599454
24231542
1358070787916411236
1255059457885867738
51451773
1053297438645039326
1111206725344817978
630492404209275533
29732281
916007738108272939
28613092
889073728677803128
34058936
1344597196886770257
639799799438372712
54262412
709500672896884373
1422049336849562701
790787695733535833
1409617653298145116
39728707
13056946
1118441400652720237
1293930229428286582
1099409919775004279
691892967734929122
1126284120235673814
1427078545335055899
29127929
30235603
1073405212979902456
1129700760533330834
1376012769419584988
1229800983027333882
1162203952468640926
1366769037365816867
1004941317645309758
734030939999346542
558711522345468189
1022147975342685300
1171929163893058265
799313747501377540
46266994
12072165
52570638
1414852487777349850
913107632158906520
20470176
53849314
1421160470435188484
804156415574423786
881894610002257083
634146700124603782
1348898880852975246
1165597523227160708
1336370205390311213
1313445885615171964
1132598030470141711
1293364378205161449
1205689340519296667
913808637635052618
34419282
42181134
1460346295780718447
1166777095255446405
1025483909997450783
43663010
53560177
1414765093444637453
603740863733701072
1464011463488309451
1469837763308127204
1395789636363709927
737670035481783652
1015855156772255700
51972905
1390878424303585818
43521600
774150286785033892
1245700417103219333
1131994173097767564
11423258
5488509
1230510960530957061
1351465190750078993
1395438668622127643
1204158339713969357
757975754010006754
1423923429018251218
1430121342303457299
706563450910190585
1363734578994577464
1368958693665699029
41745191
1272662479812279638
1077027068732735423
1085573655725229948
812530471802129973
1457189594995013993
1182800305887883190
1384068330392120165
1404122164949611665
694877106967695717
46699555
43805999
633933064435480051
1029812691716681439
45437509
1430464899670132864
1162540285757916515
547331663608738573
1351714549903240446
21411351
900548782959620267
594714283192237266
1432889171622244202
648559220036628580
1130590496307896573
1330876157704010558
1368630392652086055
1435181554215355889
808547521806993899
1273090601805409594
53744305
1394374400174090971
1288753790842129625
1379653818293308889
1306679783213173656
1342253297913263279
851558513436542067
53293006
915212249118578219
1170325017008258785
1365371304251482754
937154786470745017
704486017143237082
555304334674808919
50454240
1299402145165348122
1455882450676656884
1176300828722287895
1011541356858365882
1420428593576641894
634174692916957944
862417519676079908
1357704705851236609
1339173545508896330
1426881964655271260
1444472853903752736
1333603696666636715
36693929
23768535
47214675
1274814723527371824
1355964771125747901
42770738
1158843330341887908
1161776775340692969
3512504
22413260
1421374338340076310
39084295
1027654187771848015
903052521809718253
1275432289023974079
823408139071078486
958435
52856577
710834944729312298
18979304
615425469790163901
1299223941160757709
15664419
756581736768877153
1397166689681465171
34309250
771786334053417591
1438100789455739558
52486291
1375862398720984248
50658212
1384331922673327719
1117459032614966649
1218025410945977730
1254210172309884414
52650991
1308824592555476776
776270642271834405
1059552966902406970
780460536545729102
35122001
945586
1451533851332186425
1180006888859452139
45298004
1432173605767838487
1408847667700545708
1041952886135031845
1057626722615199611
14253463
913041123568197198
1821054
913753706812905685
877775930689549848
930382929206446492
902905403212090744
1965557
980542974431255807
1348751202368830085
913049339319044963
1442978824972451653
812903893082498882
754288290289891500
20473022
1495256
1296655280015237932
1224114257279380459
1188502085823145369
1064834634258290698
50294879
725713913280999391
49343068
892843130878362458
1207041914422200701
4033105
1069988778446872088
1284840385793657967
26003374
1367569120243548102
906523736564155893
1215954562873998759
1019040163972417818
1336311590993885769
1460362803106464798
38911875
897954472656772424
1189496338495129996
1156828693948901368
1239107424911661370
1148643526029080109
1143849465636516890
653607265214052421
1227972168932743745
970512440853394457
802570199303081547
51019848
41878818
1197220263913253526
1177643942439311244
47564997
40806872
1431895315485063534
35545175
1420382734646525264
43302796
614563129153170538
18757834
50471468
51594193
546398539418525830
46656738
1394320973183803891
1414696838266301895
1390317693862948303
52441214
52456188
1064759079699485525
1446405188315664771
8902720
1406720586098815844
1395190166395889801
964459369954240131
817707067934974680
781201450198479486
1026732247594364916
1114125705672549335
21296775
750104978964566829
873935140821747414
1465395860576804847
579020926364491385
1364465718067139083
1375025217031243023
1171223671314919185
2381503
984075032695389476
1457496380499241400
883192312503970409
938475873641542627
1345350681097114657
45057972
47800969
48170773
50331622
903723543694748211
730486057476977066
4483969
1313288209611207965
1168076881760467390
868352520221880377
944258013897922352
1457424740375247841
9594949
1399557071687003420
1318740991084107085
740359651222828441
1450904328029617999
1277841111667448043
1312485770753064040
39191606
661586748274694503
53574381
1171772526387897042
1216975392474459167
939012920225974975
639892309733854840
952076421284169469
21228082
848013312375875880
18616281
574561290136242459
50572998
1099653379354492954
52756393
1415623284894254751
708206581966608858
43207158
911656099215412869
51598951
49249708
587874770820176876
1435204211269480041
46106743
796359332847066974
1471404022430627059
954254329135767307
1116533825832244616
1402301787294673526
43115120
1309678789267601471
1379879385218384315
17451933
1050751900723787865
913063310680489016
1054009363913601229
670855313514258669
925345511118006572
916105348255519166
1131263988802750311
1425471317562309120
1442118056893691087
641256419564147034
1191255953970482689
945796551249980774
25281819
1079901511542385950
13020034
1023330469118538825
913096433136282949
1439383529388665043
1258200318325076784
49422683
48831133
881236489548358511
22828928
662610997760535036
651229406523318390
1203986164593632411
43752822
41749373
1434948256935230270
1394382694067732645
961852
1346610998247530638
9230014
20470279
1309448368005455057
1147885931230812448
1380343722820564931
594771544789878343
1386298717118683208
913114245520837778
779743347278876215
47708109
16291634
1419856205310714035
624085069574220876
1316629703787001619
1240117143285143045
808205465716745842
952278044353577869
31574513
742071583001465108
6601416
1432822759504717459
1029859495654796900
1249419880321377709
659011938895363888
903629654808339951
1284257865895075449
573931644290718485
46677829
50680594
1450247772154769241
30354121
943352086003081814
1394993620250954847
39556513
944876296819344450
1177679598166379607
1453794680152599031
1462560589473959021
33747823
970274152221266401
996076012254562548
1406905731246567897
20470416
557734
1383263357454421890
1413986869086429372
1437858406811129328
953697565058158879
913776863929336108
886946645350019805
1392944414330371646
1074661332111606847
41356396
1126068080136586058
712298247533932508
1457254588781070506
1007244916663826165
594744430725854493
1398927876481281932
29390394
1440763934957212935
51806316
1177033764769529064
20472239
871690524354730094
998648775515821502
20470251
17122853
1424775332291592489
47797453
1303776075371285866
1399349062391090742
1177677874441165838
54263634
1426461127973641685
913110499728471958
1001626994266601914
914732873997880560
684927259398284605
49369698
12842613
21528820
1216777157127559910
522527306567622317
605813159415945722
49859984
1047145219892695293
750082492568891658
11573412
12289538
758007747303267732
913103612669938032
1174177061502946303
1343789210824541700
1360302136961015644
1292875805143658685
1134807070392326075
773318334959583063
1385633954861127309
1217362059726353534
1041637488331391183
1466739483568770260
1354497897844011522
31574251
777065606938018994
1008852250416691744
1350419578187664157
1435603152319643936
1334380777191411961
1351653647280623879
1233370772121022365
707264959411003690
707431639351320775
39421520
1305037973645037179
802483388727516381
1430162620576946936
1390994615960060774
1235389285444188906
1307476528964230490
1214737379097129738
1283572711391345336
1153605410123873379
623437668025315537
676824092525226537
30510938
35835653
1248927975319241211
660454083515600037
1142896430726475424
1432965800746174331
1379671320371950267
20471627
1400782105760737542
24940069
1277334258922790749
27929213
809644603278040359
836725106298539007
45755606
1391283669116343311
898515977231760409
645041683291818196
650698297529231581
48131392
850924468031532798
646370361957756702
913060011634665148
37995072
52457349
34749041
48644414
1414574944514265433
673273128226163659
1419983485354518846
1351653568363157182
20471028
700640330947131462
24870148
1466420402237891955
53661613
34098463
866549011695427536
45388054
760438758878545370
1130570217943212625
1142234009812213476
765532389574556450
1394577991849989051
1438514834720254739
42973853
1344445331224884087
780592668339829586
1308553109890774009
1176994166553700108
1016249754361378492
714653782007418848
549955011380329856
1143426066030324746
1084957085118720500
902946971596780575
1230404529304915511
15007531
615808822862117367
734186452888340708
1128440162302370511
879672385663948980
20763558
1468922624950628478
694824908035665580
1453306854406224334
852178773620145590
20470532
1381996674019399804
842851548424913542
53864799
1272544834754649939
899099244009918926
1284242744952801807
1232653627227457630
1038691845707048832
48138145
1071120487861646259
1406054961559111946
778407533388208144
1273346820909543943
1368177411732371542
1218569988591895447
39530394
1193114045586002420
1366311597866531392
566016
952627652375089857
1330316817161762912
47967590
638343272384771354
1329909627750640972
1400126240148931998
1321144235551200550
1252966333301309908
673100911450653824
913045805289086985
47787674
1071206473076246322
11799208
1040702017298504496
986303240310349199
1270188863737050358
51788255
959498967194317190
16147718
33614072
706570709644264811
821039471995695154
1390336959565325848
666650452290016493
25870842
913026079543644745
917784937592943030
13377441
1025499912807735984
778430877433224110
50529019
1350455049853081730
33747647
925508319273321286
6274714
534055725027854440
1151523597969684617
1092914921951075343
913055340831908278
887147620930306051
1421276574657767221
1248692842735172770
624731959835508689
45126687
1079897686805296552
48168371
21898049
1036346840028937432
1059842259523133386
1440898561923425970
1326302821764551636
38902329
948530440704609742
694866323451439524
1284934385271887774
844164155635098120
46569587
1156843777452048027
1445526989204236612
1125321082478359112
1100087715061004736
50611784
1215919223440665395
1456194116490541187
29417765
9904487
1465427762410856938
1278324768159868700
1303535295711919545
17223162
1350123886613498482
1427477679143218114
1275260228004760463
913105918202579775
959584465521374673
1391400842449915875
1269086522686769566
38701772
1057155621151908372
1137128182043660910
1391217824913691922
1457545790411076378
1457305618869144492
1320530027327475791
1424328536559019579
1343029212800844123
871765282969083379
1831607
1128597603322735390
1152099143355726471
49017910
1436576513221532102
1277639395618204540
12566931
26813644
913100587855435084
802217450415577123
845023053923687606
2699338
665633412718585211
1350424115383799322
999342801800151046
54279607
705473388496116763
1308198841449822947
1399737899625190473
1427832349745167694
1264551989060739549
1465532495862134631
947358598705578209
748742048117476713
1056591397727857198
52731260
24398599
1460980677971938872
604627172991216148
1134057631650012349
1361762624743456753
53116828
1236639
904226348936999305
254844
1377548850630898852
1363305939461956001
1687791
583405066907287914
20470689
1328592687448282353
1052969066004449992
1315354154172827943
558205075396755687
963266148054432109
698718018756227922
1232156177515921674
1326277890597350254
1042135799941252468
29232810
52438575
37494869
702211944578113854
994982374681355099
1379662917017212680
43771929
31681009
923945632207748483
1321100278224248690
785861870597424722
51045329
1326511635796755881
757346299124230822
21965431
15453921
1253752676179100005
1435643564509097556
1470963828670393879
942111385970031115
1421887301170051090
795026199036613754
1421966219990679124
1402741539098086893
1042071311066938724
827135759098848595
736769061662398071
1353866568905008025
35322045
1249984316145875312
1355261622510126247
1278268702267377902
10813492
883160526110712022
45656806
1396442793222910220
1244149330886588362
625446042137771663
47354666
1196395473773342888
639174726052046955
1175536259036101052
1120996920868489559
1431425010330643558
23423122
1422776595563988900
602732251085140593
1402107969476928400
1120318353108137090
1450672999874215351
1971900
1238579061908886362
989019224366747232
43869023
840046700410666986
45618680
20471724
883409298883740889
43752169
54306001
1428553853534602497
1190942730092812315
680448066862339718
26569716
568402741451747313
1223625663806362799
1398857966121949367
12117471699873604851186945741466862382
1465294028855385457
32132618
1449544308566088951
1036927065089586235
1453716502117139288
867478558835439380
1223238889607254704
1213173394548433552
50282484
942839181511659384
901677059567040702
1455805153893077227
1423336254402056963
49399182
1036980073608188972
36871691
1346459941751574139
721594156553924755
49382066
1163931257035436831
676184576758601428
572408216186505610
1392425117170042168
27783440
717422695249162359
45868710
1164514196153460611
1434971248420250399
48997777
30820481
937957375417924447
947435095334106283
1404727441309520103
975971116134741616
54386874
612179677317950848
740757974325646774
919063331751900827
26713916
50641075
919460707453602335
1465588704521231917
1044899740131566014
22067650
1371954952464745324
1466081688732640179
19694382
1449499811582679128
927569818160732269
1213173099789144356
1181807799054691451
48770960
1455883025060974738
1137202190761788997
1310313192823259859
38540686
1084872778656809081
27226695
1455806551516240109
38453885
1085517247283879181
734894870683504598
1179642850890773373
53432585
858106736841519114
1110778434935748589
1275044622509887316
968285850479772598
1427576806700833576
585011124183031146
599522119955187943
1137701705422285080
1212272687383953405
36912962
907315274490007987
1307329910882927552
1102307702932268935
908922788108173451
1206531184528527121
1084872510106286620
48349199
38842498
1288492545555986646
1275047126505492587
1256252684972569696
36200479
1461178759861962017
49227509
1075305534290745755
1419769848942763701
1457653894234693999
716797913778103603
790680128488448674
814456266170506844
1164521153206014501
1450252157030227580
1258257912597048556
4840199
1036988717682858545
50589205
908976839770918543
1461178369342688110
932554026259557817
17465173
606436500480197324
1445769318140099875
50112403
909578658283378016
1461881045568259587
9049864
932529709072977891
1420436396662437002
1273271487749858422
1461758040199398620
1245903616418683314
1160804108272641400
1461759129263497429
49158897
1346517670510766352
763832593500849642
1288491632012079929
1395040357317330555
36700170
716758032710845880
1471212238587178224
33376719
899496155500753527
650109685913019875
840709362315832755
1066027257541193902
707169667473381435
871556379122079264
1030669675835671529
1460269058558345945
54391093
1267396301733749836
822354268493840061
628397563108217536
832851395489863197
1405928326879028144
620916541701563155
706520595283864738
883045183879489124
46524794
1462435807615809104
1258989775470068739
12802975
927675113233611935
45638499
699927757518228053
45564076
1069532694030139602
1462426374334591163
907431085964541028
600799641191094629
16453692
1131855972815766292
1128182052939470379
687992663325028618
628435018118317455
38405999
1308187981306519934
25682427
1183531614744560020
1133297123344623837
38522763
772523063169772272
28459886
915216880800481965
982799645715267248
48673897
1253710174919259187
1137701925348352203
836120781617232751
1348192987654555264
46944409
1132679444601340628
33191777
1044296701223288415
34974374
39028448
994334034943229256
633224373642797274
34930062
36711170
1450737742201486091
1103514743605915444
1256259774938678081
1142338239779531712
35183040
21900672
1083432096179368563
995760959620663094
580403926752830876
1442794315598412561
942710076839528524
7363865
745491337096154741
1297923440159228394
938609141427706305
52421674
1075456558848060789
705920127669105187
53615050
835723640904788938
5014976
1439154540418698124
664725623771057757
1026199830159458696
1297964971589331349
6644005
1140665548712232057
1254169865359292544
32310664
699927505136500413
937924535998862317
764622652958240880
47451564
41618243
50890121
1036962690403731979
24626961
867482915989142375
766566339693829504
1299962087812030351
1254171181466147452
54386876
919774791415993184
21488226
54020726
937838887006591990
46491425
28303715
758907337720590101
651488133561343975
1110778829345506532
1333930901146191547
44259635
734907252307506510
3172794
855686503709210948
1450736437633486574
1299962695189981514
1155760548596593181
1163931461392928103
1075306014677509938
39481496
40780053
1070334913386289336
889756069569763423
29877084
858774390888375065
22512644
1044927131195991602
790707413840697517
1254169668805091839
1062413754791561965
967409998575325875
1425425706008621121
1463888758064844382
47591966
53509699
758822458231171083
1463792303717937861
1165548973227194772
1219107185760249516
1416462461023388919
809333652092651306
1365264155142096010
1466857549995589520
897833280347435563
41620772
47730404
1074885592057658113
51741911
778686487878089624
755746084290452869
1352246187869479731
1075305589147845070
1090838224536261826
826845999960303927
1381203218266332523
1271037092808150996
1163931038861731318
1401046905907583657
28133387
808108595377919122
1471210293386518723
46154164
29898010
867292794888576660
764556394279120790
46532383
28361473
1344375065708952429
1078315976425077482
1169687969849617663
1270552517287206307
1406532611879473791
633519019612819552
33185116
755050877692431406
7772110
1128162336199429374
47904340
1471208314463640562
1255054042943323271
1138334414561957595
47314728
1222536036131263624
1165544272974349235
1432602731251959144
867393727443549310
1429725213492365137
636355767032689677
594771380534797043
1437894994843474215
1400260496048731928
1095764013597647283
871295168030647381
33940403
1291627366790254449
908978514210836588
35351226
1183786588239605216
1366186764658633139
1010988814363994108
782525235032023073
719749238296573887
1424928799818833291
1405934788122239922
1254169319433497315
667336979048462619
986150561562100137
973142993811034666
1466019718175792853
1358319394892416252
1262990071619446226
840730480966735071
964774917555148173
1166841338338511140
46332709
1095802479538227571
868236911692412929
51218634
649974943915158739
811537270467013788
1137700312147395507
700070970544464062
1222480640431317646
1404426126928029194
1424853103020622744
641465120871879330
26138093
649906858536454609
1429119282768186048
922775159492305416
1379045964474670037
773770671334363834
712258331700270816
1206552724640053896
20757313
1081313860016221853
1145951280597498030
1175799470850394421
1299961150698448337
633433690826539871
1254171664253865460
552185198846319088
950065846139779573
1405932426328087471
764593141171260084
49293937
52756358
1005212195039655606
50364005
1453706612581800864
872583654225293161
1116272651165270654
904418978771117050
699893435812202605
49568139
33186836
1180716379249252357
32871572
1293872018692874793
659499704359748152
18194698
569479216117208462
1288488226110621585
868479328856816706
1370189465947432875
53191355
607419092704063495
31830974
643404806543302931
1221792692307755340
1334045133137667145
38521406
717735802037241047
1466713652247719810
1269577034827828384
22634134
852129108151969096
759487582117796552
942826554375091343
36537053
19952780
1405924751976322610
53412390
958906309009493933
1431229773272646995
786314859980446423
41535491
39047396
1334117372486408014
1451709307445066596
1006534073874196086
1057567080269443964
1340785891437880974
1097259340041542405
1165525450058075256
26029969
1437649070278882106
1450738429846409158
1055234487004092922
1096613145653353258
19728643
892599651742390800
676198634330068288
858774110188496351
1256653539677567034
1137702416418362077
1254167399725672880
40141770
1455805882772531937
1275054068579260378
13884932
20759671
637197653346993791
703770416622290119
33051447
24011334922894974127099310
1158248209760205549
832036695938108586
1446560608702527220
47177697
16214263
705117443337747342
969840247418724837
16055046
1140993045255251817
853951000904367892
48833215
1245159947210409127
53901262
921643271068424614
854009597759129401
802834931496764601
854713166472401846
914709593992540636
1456002501995300826
853301991115942330
1039416714538238260
1456380150696341951
49468283
1143673544032380855
14152232
21320988
52308424
16927220
1023356329237690810
1313148755567758072
827623536267566374
1471411623491232622
1333338939544606560
580480452051506662
752454957748535998
744112
705032377908106522
780095162386851940
1320980238373500320
15408150
959012007073674673
760108109263390706
1359482462896893610
1069325602876465811
48265232
1146184358116540055
16556588
16814248
1368535647126612483
1114779424983444502
985200551615421235
757592767746604254
599867406055339156
14805666
854031089290270404
1320944652062266684
16843498
31014149
902629469163919239
16928580
16631854
631122417063962956
928939469845305081
893706119022563131
964038722027972324
1183754027543553558
48170541
1114811470915459615
1389047266695030655
989405687007616559
50756478
1368622370988570006
832648619246493845
1405714951305387838
52842081
1127567114523130604
1047292794490187112
1015793032533420329
1037705279375310232
854787000766855522
668616428604234790
848736558434274053
983363029671689566
28139945
1243069670347859041
16684400
1240731203690117869
854732165260877400
16900335
1132045590468155604
1064417193038641531
1232045746742130162
1287388908320957308
48899759
807293475194830328
14588065
16690003
977745858903949337
1192117704660783131
767253433383406919
922932367008194569
1348598801470007890
1277791045046443747
50489283
49690366
901930227416594286
52813211
24718311
780482513280410949
15674956
1373833640300778392
1444876912205467190
1339319566932574134
1461358058157268819
853386073095624823
16781666
53619367
970555245862840468
16672631
1187960768738150563
1387487290923514604
782536468977949302
16561235
36562195
1335730715389081980
1456703837316127410
1207964525038227155
911088975470748647
849701378591723011
672826250293277558
54031784
16917663
1218380036206542682
16842188
16941309
1153854228919881193
48864026
1289136828938046729
16566325
776795900384685650
16338247
30958507
669318250347876388
978302861678136538
1135970754332393275
7052133
859532474640614162
1351005817570252709
1008987943781245764
49573189
1340678945690867652
639680134896703807
16777675
638585014592826764
574530103517576287
1209452296378054710
1400372522621739218
1135848192651690720
835985632213163853
1396647466419888140
848340967482806399
1469923419541119263
901902874283569249
23378056
1461517201873861399
845415056012646111
1384473077265310131
1138510580307144775
851662685747913354
1150900233956055187
1298814307995163130
1320965936500568573
1453045517273716917
1380765375046888246
836693941753426197
1314608948334465568
1333365636368879864
699550848681796981
851213801807575645
846392985275435103
1369109264710457623
906654222406593188
47829307
1289569937382755707
21160696
1442365046099563113
577949410018977767
53850591
1415633163142640413
1371423296976674500
1182922422654049494
633188612472429938
1200053795648139597
1385033057490364745
16939825
16426113
53041182
1255990208485564268
1412248887779694363
1130790273911878618
933416552209288061
1255158907375049999
1248541938227449014
853393184304240127
51991395
1211663365622117786
1118384311299885646
844384664029286336
1321906415242483539
16676804
1335751838172453456
16662171
807306211393765448
16557323
638580754354128875
16808075
50676036
1336434243169793228
647183189414074778
1322085136549646750
1417510958060290590
1372506370088597653
1411185559949889696
15073255
1252433850625446091
611600149808463198
971335282229975292
1255165253788842563
1033665375534026368
1218375928813899485
924600922561752439
16080712
1017389420262802146
834850661034482704
1454770851652759658
1469211888396287298
50138122
1199654369927561283
914603318157226806
45515030
853356008405055078
1340753442128316624
959012308162821564
1091742695539444746
959647883221993787
742935143270179811
731814866034365781
709646714002077574
906688103976880795
774728372274991699
835900935438208703
1432821627280847428
952067803493309017
53050223
1321939001507284429
5353765
954740804013654499
844427281591954274
922694767434076690
1130214066331903087
15982454
1302335227614870430
37463153
1290181234942493530
52988378
876836636660961628
807305586236853953
16164909
16301342
21184124
633132967083848374
937930251571039077
1151419975120567512
6502647
53494468
16391102
667320609319874926
1268451543064052041
854023615070855101
1131411704734933920
692074730032375380
21506138
1396720174907256639
842544260935731450
16795516
1439994989033632775
50893536
988051153509079718
841875111874852592
673429118816882602
1320973558345178210
683679765640662454
1354515487898545904
13003814
50012616
1385143692186779131
760905077771396252
842531732370025650
14826913
1333326698587214159
687473719657590788
1109001761503422217
34887704
1304487613387016223
1015816992202487249
25945800
1356463803057323478
1074614533516586988
16320965
535558124725967609
762391710498913734
1308783671516886182
16723236
853378523648826056
43308561
51984816
1008305182791947356
1039141780163378288
755947317042578687
1405981914210392286
853337963508562538
1110716638413736442
1250048428477224007
1198692599711545050
814643357976909596
1141517825987411915
959672996318971623
1163774148517662958
13021690
1377535863165539863
1141634152387020529
670597642868716021
14703869
1090798466381370140
587812471170870886
1370036202208753025
853991664549093300
34319485
1151446945444685285
1346495809079177662
1292924214471121153
1140899837986094477
1458961496956277496
1425582909553713779
790883236906846721
1320382921128054036
16883541
823480015541798793
16971724
1127555876555034888
807292745091954113
15988755
1325786321757092511
1366133902406658436
979084343665481617
1244357875598650754
1037266418154010171
1305966449499048244
668897338076230335
854747044312968287
15296843
722482609103708572
16995846
1354574475489307211
16929180
1322097771698464467
1345066091930553342
949507314745247233
42608557
651204929983544702
16741606
1184948162708671938
800901520617147520
907857895475639115
744872860871057017
677681012410326650
321841
1135971045460149619
1188067846037692816
1256807651285660574
52863896
44337406
841703114240713907
1378490344785127774
1239909629189569569
639174623924765807
38751338
28734197
713458315125639834
30478148
1207460220110002110
48143483
16793054
1241519190689568953
28546123
1255119238371381159
1204343556974072732
942631841986532097
1156811796332354426
544302105555817041
1041625069992781367
966686038878184082
698316254844244739
841768583132476800
18485353
854761507748346145
1086518391416202679
849643858189489939
1403137844026670818
939866640448996716
833475944505865597
901863473184258599
1400306837734543361
16983914
842518671208469445
1369914568202937847
1243846117697387079
1335756456786160538
914598129412908273
904616988013173301
845940563734184618
1353370655709232908
15818820
1168072304866498626
626099
854017049356097485
1355505349044665446
1141092889850540709
1218368144374167262
17031006
1432847017453217302
666608624361286602
1289470304929168726
679771319888226021
1396688140049826197
1411253532525781371
876825929325215894
1185583120646881724
1378450835969155000
599042154962370110
1414827939075156327
53309065
1202459589930837539
783286857562585736
16710611
13975563
844168803981092176
616635571073524206
1274667489282423729
594712654293143052
1361968971165344412
1208976683790732335
51733138
1466427135220977535
992053017338652638
16252412
555825732674526981
761096047271314547
816170425879752742
123286187525858565441597270
1414645277586289345
1315286262592847224
37568848
816862096799360043
712313411001630806
1289894563696647129
905223542527412860
22130476
26394018
755820874037012535
1247150363075461560
1305820761545360142
803261881919910728
1361755266408082415
762198202427155490
996487691919528651
806612308544680471
765900505539564114
806658763044268066
1222772427162516350
1005817497607089758
794099888858231175
855089839805616449
31057088
49879361
46283867
1424713626593290721
53187132
1437698568168820118
812381133780289556
817000626624358168
805203518982029439
800196915029171495
1325766336926508264
1468117953831878998
790664408398216009
12202884
39794979
658029801970100756
1236290978134393441
806732049098217319
47706946
816742000181969056
730542606308633238
775407956483509869
1347987827537917873
553768695333503840
1231189039902593500
862891705248130792
805309001363765815
1177449
821939911824341114
633845819914906713
1049431644598794041
1285575688755460487
1374809050233187784
15132271
49617482
796508146835183573
817521816959839552
1432168507410274188
761079220709941779
549917660802023760
1094632
731988158833516209
1405182409849849208
18809979
1242956931345314426
765177455817747938
1136049536841227041
1024967781369132834
39893411
645853650908690682
41033847
813183140660950054
20016293
1202384577378459757
828291954494606959
1320524487157386914
778286857772699369
48424568
1063951528008489809
819156733947867913
39893321
715156116993626379
13149139
781873349566753800
906593476155636287
811199530698461900
1260105010563602721
821130640681525211
49928881
563348213669888297
25074830
815050397914221891
49441526
930595309452805633
1347354599384000432
1329843230319762200
1316835689225293782
814612260036026456
778341912344471928
1214705448738205761
28840109
52124668
623800330171671117
1183852806011068462
1084555050899187434
1467813836557350827
1355471250073608706
758238833113367097
819730038231418839
1224746421076618332
31022552
822748878945425737
705859108286286204
1311563803822336154
1286946518493886178
40622249
53478007
4803432
987228927156067958
1400243145803397506
39466620
820332306880920496
812237822205138057
1601396
813142322768253637
546624539226545008
1129597729981710389
52454298
543702634879332011
1344276062723225221
1335240062393405417
36513721
1224719991256767832
663773997999852596
1049406653345479155
812205517941187830
1179768444046468902
1144613690916964707
1295731965537180253
657195012578934583
692899159833695042
771204382610763868
581248510414889952
1310968142535340857
820437932244501504
811522765693843897
735424146392743990
53329294
1138357397261504405
1049995469665884435
816073282726178226
1354532747362290532
811632243377106947
948035006073330867
816585578232461905
1004539979180335661
39893217
1365331697747864128
1231911952681924192
1068841756495658210
53476857
806019553507823909
964633540333119127
712159424775077558
1152459150071651797
810797481926316432
807342256462378967
1351640327229567117
795681499741409379
43533506
772033380481704223
587134761793595239
46641901
1085509701192889115
824777732018209661
806851559350102550
818436119740113783
818419982437613542
818894671591072505
50933917
1291179242329409541
544195595062162612
1200903560615573405
823729019718954112
15307699
1450899315967274931
8936721
14521766
48069165
692182642472276576
819813872400752410
50637185
727808241118629450
5095053
811076616946305115
16351484
53112033
1469033078003222745
50197748
800674165792696490
703044421423269166
30016003
811689837740845312
1152178807729005173
46728554
733197655627723248
1209704687229595403
738490542400005578
814505764492640055
1392350290062354982
805056107114417082
796663034850062116
1396488765172359664
38753711
907967944587508899
969551303883070613
815975813027694127
803586384317365110
1061511808558588190
27602962
682847817833978516
13956859
1398141223250632013
814582741899752160
1460302020291015302
734144221994093791
50745866
812464614594160396
807147523147193006
755775569441828895
807274724208370859
948704244349744682
29212576
989203086379037686
1162580313674561266
1009596368616025678
736238756356863638
38211868
1049452470383042984
15820561
815429828942100383
1049620010277054870
1065386372914424948
33293694
563978014938460765
775579492128206243
1037598974314924899
805036276551988341
800208820565597761
1184235567458667702
1001484991325214626
812290814941067677
785421354607850100
689119763180522772
746364007799965416
27634595
675068560376390435
1063263534214508141
804496775777468246
809053389386541469
869428782252740022
1371887963148819550
798494312620888489
45144065
1442174045540572895
1147134506644276452
1294261374011195501
653827015444449605
907961579348818457
1010216183115579567
1000658431561194937
1035758119617325591
47831369
893461533703282215
1247200709739597595
6238573
822663333210767723
54340304
39893187
736278898247945453
788549969156253016
1297944149475081309
818968368900454722
795674981173792871
48721953
698463461851615977
48680831
1232072876440666366
38214601
818122394926131148
805885765215460117
759470411812781980
588247860852442096
1397972914785357329
1182737059291659489
1398617320108222713
808102312764735463
750557215596039331
818395767586502008
1255070553437160326
45976875
41395592
1350237180919691546
53132409
14854389
1232363425507266014
800683658272515848
696462111434559104
822065524172138329
800573004597367871
52243423
1069524385233133944
26395112
753917714755146136
800122682159464363
789225364332709808
3810631
792202746132597879
812459278320515607
1247226399765315109
46729420
42591938
857937018102906732
1440654060648682593
806486522424573790
52244259
923193850869015630
647927937421764154
796706626434061671
54281814
1268365060322437643
28462830
1181240986204965060
815368541173851751
1287300675272753311
810335830751266620
38406831
816257530484472009
734684870499632090
805970735083634476
858613170601453396
758026125686589601
811140525067658424
821326266144226978
818377820135949357
771038127347764941
1448095680257107453
43353638
821046762220254592
48848735
705858201576331281
657466271388717451
1009506179630090748
54246669
820326127086320263
782647812115637384
963811515788394090
799366174921041887
781118944801947791
757875713927217901
54226421
26395461
39893426
741538548727370326
808934959351210971
784010933964257328
1378502803178393430
805980004830155381
18749072
54264403
39893453
1232757470970411481
793665323249351428
1290040185969684023
1034224270465826110
1411686392197835333
768922164349908413
53403710
847340318068289315
41214845
990655154033422201
1442997693061036066
553732883484875483
1400253255951655765
748176788438727894
712198466728596846
34782521
1339242627641411557
1329058810985938246
841491906772617733
1314575510263216526
766538389843917507
805810870033334989
576077965300631652
1058128776839163298
575462201899286378
1297946470455110216
20281164
1169747159491685881
806153907486038493
39893263
811656432928522664
1405213749567512873
818051863823334628
1406756468545436174
1375463518753338462
802908031887826883
38241569
781930145807439517
53415843
1387148531502035119
51770576
802996228657703248
719781922152985349
822644938235843142
1333387254336118253
904563426167268870
40259668
795719366510998083
937812036136847842
985888281919368802
709490964313537040
29878461
805909472225707720
708772239906221550
51686436
565426575012730890
815363709656281601
981973070766588246
38820831
1110471945598091209
1400243167442582183
813172350846928191
46748865
1083470536118137891
1226138107499235900
1328498681194854505
739798928061576493
834203820879356352
47199671
1136293547142522527
1238590817847283488
687162494928511057
822676173866366983
734836141666844275
813930194243563437
1470453330278201854
768953112878757870
17577337
1229969419823796091
673845581513941645
1086434988179253303
41133554
1279002947972823430
817844406139142835
739432593031129826
18987281
975610618536615823
48756329
32838511
964670014913718507
46643799
811743803878462171
815960612178013597
818413790441594506
52196275
51040795
1299589304153366146
614743660664472783
21394105
765251154902219823
13563222
701548417031100638
26999328
810297403279832052
53423015
52922118
1416936055993967160
1358758886304202476
812562571214952889
53771043
685082771405291991
15869494
816266443925917203
820203315598732639
619678046828836910
47548859
943528751300358707
1021082928475791155
1047242218638452008
50752677
44394253
22206148
1354382797049184139
1203891597446570539
790834825085652308
51788536
805008502904285111
39893291
1340147296604487320
790773313682729194
23843246
17588765
1348769278057604121
38429239
2958224
646572770933564861
947246063035905648
1275666059208863941
699377737281744698
766843489819727691
798697102683882196
14445177
967509826217894978
1350145679805630644
34339160
778494360955088095
39893220
816769918604490148
46448568
44579869
746927337513825183
775630917673158375
735490929331006622
1072489772120650581
5125943
42364104
1361762733782558310
820129335639712042
980478690835407775
1437702647306544190
1137165424927550202
38846467
49584574
817729755410608394
802980441790483124
1036252830292686035
805399221493020994
40234959
50547308
812419448733322007
26331866
1346437172490510464
793360177119244057
813248748152237969
805250066766403299
750408049309792751
803748260027512668
54121795
917458015210307634
773370475606329995
1421921829579892334
664121961686051680
811441751621564690
50874678
1426113224438480426
23861820
817270241669855753
788546377653143177
39586703
1165319935245172999
1213197935548270411
1305415707279706428
45273992
27922637
665922889050394680
899343227487870522
1226823534731493077
815868188964510438
29540710
1466875127448954083
1292811164809962648
984863644728508401
1154647888677949939
802942122052617915
39893366
547217706053925930
776781813470069613
12951844
41430639
742702828111624784
47184514
1089899377086427910
52795590
50794628
1201603547341440642
766221738919875452
41569535
24735605
750851068479344247
1469823316583611620
806650853679138317
938399255836623399
799287628794660364
51841002
1008842143268543747
745871431220474347
784021853729823349
698787140882714669
4888166
796356441629230193
1036990317810398834
800708212086696452
807433254602674406
1106450151684964616
2569098
728349094464223580
815975620926927555
54408793
48058817
570392235378408665
1086371627078838870
666614248087575597
693732418927992952
1273935275646761878
52513449
42816187
1397491193268542828
53960292
543703679256563652
54240545
14448956
811238757885635099
797174829886629664
553597787112744785
1029233033647552217
1210469944533556295
1064680582227261033
53890918
626632024716705505
821012618486578143
806182398440275601
1222478476767778798
769728776822728677
1079029775666350744
816169899915586618
810070826213367501
31313260
764731567997381222
54296434
792871998278085142
1319814591019877062
704109256241006764
791457858226664889
1357983157076102405
1015708120159199974
821159549007530420
28014139
753127827200743116
42517808
829185925067712064
497159755596973511
725400122734995176
909404055589146080
805273906246349170
1437701277302763433
764569782456095857
46054279
44866885
30791818
51684387
790817993859248891
767409673863943533
823423198787976354
814687979598344180
40981086
977444297710896590
787330133796136935
807358147363112706
815219636715707777
1452291348242180432
1405277356227095779
785614566736575463
823138324784103863
1135701668320730178
46093049
818101340334488902
713811534907338867
1309458754431697061
800598200125290605
818923092504443807
564681078749321881
716812581234770969
807359583713635681
796779825337830073
17618310
795660393990371394
26060374
1080059742630228401
1034941694162641561
1082096249061376716
4418814
984200371493334745
53954770
1400243019671565638
816590277890418470
813966515006801085
802464343592190171
795601252222959681
1350267387633643672
724556054970216264
715283759336555066
725292603935736354
1274075883798447637
1067413313270568717
1077813310260513265
712432193783198360
697948969738002571
36420487
671140231393509416
812533989820917501
1131967824306677224
696685255621162505
605151074600471980
766884835349292927
797856712163504879
15059264
31144235
52754623
823698366425553828
1466764369048201062
646326841474489622
29055173
681860
820312124470067542
816780068696480281
877807106888333801
812022999666835667
806381610472206203
821013256568696021
812342662730417898
686963787245108953
1228476675292034283
1081331699304657121
1354535604561941276
42234378
1013335764913214735
600741126024797795
815935489099441986
787281012690514339
820528068703799198
929827357950573098
821851020582683032
776835358952485962
38406741
846442612449011381
821896192140093514
54365099
762286555680384415
795148689693302061
924040683298250504
38406697
1135009190625706437
963790357909900606
815448219197372405
1081124097499711615
1405974839218781253
668281171965262300
1030500739880439903
1155433894364175511
1152539860223105192
16450639
4989294
762471588281202422
1260804727462228945
823056687326901351
809667686337323661
1036390897951776857
40006301
1369236687897698020
797115004250509930
777608472875567200
771829357313256388864534841413615333
6000930
910294125837577851
14151267
1417604404557697395
1381096021959939781
803183166387300470
984938933766691414
1424776428689076757
869333318841325273
1176053862483312394
850905797340996348
19456129
35452501
1116059988686763373
1465235019383310547
1445732143862816561
783431266260771440
33913523
1273848242444023887
1246473799428452703
1332678087576447785
655619575907150774
1109424628500764799
970185599093762986
1169531018836004249
1380949412328766719
1415266801073836253
1181177803497108760
1445475882522141835
1431984552595819896
1431987880618986653
1152814952314616800
1331159035243320853
1253186489906786941
1315516679945945393
7789897
950781631311844772
802900657719815569
52596108
557288649059201953
1235152360660435378
45689365
1391369788269065783
6973019
40661998
1103619142741133834
1415265943801206206
1008557289215428875
29047423
766860438998792079
929162350694812648
982507551413816738
644967153362937667
1374703861385212425
19295677
53004563
1236960085054932424
21502803
547243140437405312
1015352319242510408
879666435877270605
1385715296079431324
1239107314756337990
939806248318292724
2714329
860113514686234911
1189443718147188929
1440731169595135100
6582169
1435600848671101264
1464504976722732949
1131847803055670953
612426415563370769
800101084343628444
1436260764972954007
960472687187017438
36561472
52075322
860315079809361251
41821655
2343139643643743
993976253750565808
29270059
36602047
1434853428942574258
1366284729981697226
930471345228434473
986312517980606060
38022981
46097542
30151830
1443613620585756217
1331729595018404777
36697606
559252299639504467
1036396774585604924
634464698474119199
41593058
643327877502452942
950573683454021991
1276093663151124225
45419740
1147459546369376996
1442225680432750767
949131206786532173
1382805704458599182
1219846556690481549
984152478742048890
645598925287381680
44428045
641046494128169520
52238442
1439178045518933169
707916877724925204
1150691642113542841
1414050681280747142
1018204833424991645
1442229280919383028
675353743491153671
866735603814920267
1197405290150783550
1400634898019072189
1294345502593189059
1390565557149492219
28053765
50779233
572642472768241884
1350041065584228076
1401085816148580855
582343312434243263
679564929183850622
1442199009658574267
653760445607174614
1095291880002725135
1018185344228779123
1410245886988583408
27489545
848812372677100371
23485257
2848216
1053862200815337876
605075699749000051
1186904468433823609
1413918498014711743
669227908081647261
33140169
878289865666032957
1459654068118929439
36668809
769476551012436183
1411358435292382007
30011845
597218214926147239
750623673986680123
808127938673420492
23055780
1018204017761243494
1142340261946692772
910914445904035569
1442198866237368524
1080342540148321530
627077225584722935
1276462151610678481
986312213834693749
50756563
30175308
756121710216391275
641569474134022923
934965236406548458
1350950849620043739
800778490756038129
35388520
973227380355449890
1293729052856882006
1329323008314937071
1018204592868028311
1318221714453814933
852984264379911132
1123289193039380039
1459022853009246862
1368261904785543644
1442229213567208851
1183920678534440424
1020459821253145994
986311879747706547
51146839
1084808509141936835
1071098049521879314
1095292479674589645
1250814702229539465
1442230036009255013
42849889
1429853630747930836
979153086732241362
734082229787764316
928318643042123571
986307487688459101
1185425644215794255
1279798231871892465
14653770
1213926093721466957
1389998452198831266
1437767211090608305